#define SIZE_I 20
#define SIZE_J 25
#define SIZE_K 30

#define DATASET_A                                                              \
  {                                                                            \
    {0, 0, 0, 0, 0, 0, 0, 0, 0, 0, 0, 0, 0, 0, 0,                              \
     0, 0, 0, 0, 0, 0, 0, 0, 0, 0, 0, 0, 0, 0, 0},                             \
        {0.03333333333333333, 0.06666666666666667, 0.1,                        \
         0.13333333333333333, 0.16666666666666666, 0.2,                        \
         0.23333333333333334, 0.26666666666666666, 0.3,                        \
         0.3333333333333333,  0.36666666666666664, 0.4,                        \
         0.43333333333333335, 0.4666666666666667,  0.5,                        \
         0.5333333333333333,  0.5666666666666667,  0.6,                        \
         0.6333333333333333,  0.6666666666666666,  0.7,                        \
         0.7333333333333333,  0.7666666666666667,  0.8,                        \
         0.8333333333333334,  0.8666666666666667,  0.9,                        \
         0.9333333333333333,  0.9666666666666667,  0},                         \
        {0.06666666666666667, 0.13333333333333333, 0.2,                        \
         0.26666666666666666, 0.3333333333333333,  0.4,                        \
         0.4666666666666667,  0.5333333333333333,  0.6,                        \
         0.6666666666666666,  0.7333333333333333,  0.8,                        \
         0.8666666666666667,  0.9333333333333333,  0,                          \
         0.06666666666666667, 0.13333333333333333, 0.2,                        \
         0.26666666666666666, 0.3333333333333333,  0.4,                        \
         0.4666666666666667,  0.5333333333333333,  0.6,                        \
         0.6666666666666666,  0.7333333333333333,  0.8,                        \
         0.8666666666666667,  0.9333333333333333,  0},                         \
        {0.1, 0.2, 0.3, 0.4, 0.5, 0.6, 0.7, 0.8, 0.9, 0,                       \
         0.1, 0.2, 0.3, 0.4, 0.5, 0.6, 0.7, 0.8, 0.9, 0,                       \
         0.1, 0.2, 0.3, 0.4, 0.5, 0.6, 0.7, 0.8, 0.9, 0},                      \
        {0.13333333333333333, 0.26666666666666666, 0.4,                        \
         0.5333333333333333,  0.6666666666666666,  0.8,                        \
         0.9333333333333333,  0.06666666666666667, 0.2,                        \
         0.3333333333333333,  0.4666666666666667,  0.6,                        \
         0.7333333333333333,  0.8666666666666667,  0,                          \
         0.13333333333333333, 0.26666666666666666, 0.4,                        \
         0.5333333333333333,  0.6666666666666666,  0.8,                        \
         0.9333333333333333,  0.06666666666666667, 0.2,                        \
         0.3333333333333333,  0.4666666666666667,  0.6,                        \
         0.7333333333333333,  0.8666666666666667,  0},                         \
        {0.16666666666666666, 0.3333333333333333, 0.5,                         \
         0.6666666666666666,  0.8333333333333334, 0,                           \
         0.16666666666666666, 0.3333333333333333, 0.5,                         \
         0.6666666666666666,  0.8333333333333334, 0,                           \
         0.16666666666666666, 0.3333333333333333, 0.5,                         \
         0.6666666666666666,  0.8333333333333334, 0,                           \
         0.16666666666666666, 0.3333333333333333, 0.5,                         \
         0.6666666666666666,  0.8333333333333334, 0,                           \
         0.16666666666666666, 0.3333333333333333, 0.5,                         \
         0.6666666666666666,  0.8333333333333334, 0},                          \
        {0.2, 0.4, 0.6, 0.8, 0, 0.2, 0.4, 0.6, 0.8, 0, 0.2, 0.4, 0.6, 0.8, 0,  \
         0.2, 0.4, 0.6, 0.8, 0, 0.2, 0.4, 0.6, 0.8, 0, 0.2, 0.4, 0.6, 0.8, 0}, \
        {0.23333333333333334, 0.4666666666666667,  0.7,                        \
         0.9333333333333333,  0.16666666666666666, 0.4,                        \
         0.6333333333333333,  0.8666666666666667,  0.1,                        \
         0.3333333333333333,  0.5666666666666667,  0.8,                        \
         0.03333333333333333, 0.26666666666666666, 0.5,                        \
         0.7333333333333333,  0.9666666666666667,  0.2,                        \
         0.43333333333333335, 0.6666666666666666,  0.9,                        \
         0.13333333333333333, 0.36666666666666664, 0.6,                        \
         0.8333333333333334,  0.06666666666666667, 0.3,                        \
         0.5333333333333333,  0.7666666666666667,  0},                         \
        {0.26666666666666666, 0.5333333333333333,  0.8,                        \
         0.06666666666666667, 0.3333333333333333,  0.6,                        \
         0.8666666666666667,  0.13333333333333333, 0.4,                        \
         0.6666666666666666,  0.9333333333333333,  0.2,                        \
         0.4666666666666667,  0.7333333333333333,  0,                          \
         0.26666666666666666, 0.5333333333333333,  0.8,                        \
         0.06666666666666667, 0.3333333333333333,  0.6,                        \
         0.8666666666666667,  0.13333333333333333, 0.4,                        \
         0.6666666666666666,  0.9333333333333333,  0.2,                        \
         0.4666666666666667,  0.7333333333333333,  0},                         \
        {0.3, 0.6, 0.9, 0.2, 0.5, 0.8, 0.1, 0.4, 0.7, 0,                       \
         0.3, 0.6, 0.9, 0.2, 0.5, 0.8, 0.1, 0.4, 0.7, 0,                       \
         0.3, 0.6, 0.9, 0.2, 0.5, 0.8, 0.1, 0.4, 0.7, 0},                      \
        {0.3333333333333333, 0.6666666666666666, 0,                            \
         0.3333333333333333, 0.6666666666666666, 0,                            \
         0.3333333333333333, 0.6666666666666666, 0,                            \
         0.3333333333333333, 0.6666666666666666, 0,                            \
         0.3333333333333333, 0.6666666666666666, 0,                            \
         0.3333333333333333, 0.6666666666666666, 0,                            \
         0.3333333333333333, 0.6666666666666666, 0,                            \
         0.3333333333333333, 0.6666666666666666, 0,                            \
         0.3333333333333333, 0.6666666666666666, 0,                            \
         0.3333333333333333, 0.6666666666666666, 0},                           \
        {0.36666666666666664, 0.7333333333333333,  0.1,                        \
         0.4666666666666667,  0.8333333333333334,  0.2,                        \
         0.5666666666666667,  0.9333333333333333,  0.3,                        \
         0.6666666666666666,  0.03333333333333333, 0.4,                        \
         0.7666666666666667,  0.13333333333333333, 0.5,                        \
         0.8666666666666667,  0.23333333333333334, 0.6,                        \
         0.9666666666666667,  0.3333333333333333,  0.7,                        \
         0.06666666666666667, 0.43333333333333335, 0.8,                        \
         0.16666666666666666, 0.5333333333333333,  0.9,                        \
         0.26666666666666666, 0.6333333333333333,  0},                         \
        {0.4, 0.8, 0.2, 0.6, 0, 0.4, 0.8, 0.2, 0.6, 0, 0.4, 0.8, 0.2, 0.6, 0,  \
         0.4, 0.8, 0.2, 0.6, 0, 0.4, 0.8, 0.2, 0.6, 0, 0.4, 0.8, 0.2, 0.6, 0}, \
        {0.43333333333333335, 0.8666666666666667,  0.3,                        \
         0.7333333333333333,  0.16666666666666666, 0.6,                        \
         0.03333333333333333, 0.4666666666666667,  0.9,                        \
         0.3333333333333333,  0.7666666666666667,  0.2,                        \
         0.6333333333333333,  0.06666666666666667, 0.5,                        \
         0.9333333333333333,  0.36666666666666664, 0.8,                        \
         0.23333333333333334, 0.6666666666666666,  0.1,                        \
         0.5333333333333333,  0.9666666666666667,  0.4,                        \
         0.8333333333333334,  0.26666666666666666, 0.7,                        \
         0.13333333333333333, 0.5666666666666667,  0},                         \
        {0.4666666666666667,  0.9333333333333333,  0.4,                        \
         0.8666666666666667,  0.3333333333333333,  0.8,                        \
         0.26666666666666666, 0.7333333333333333,  0.2,                        \
         0.6666666666666666,  0.13333333333333333, 0.6,                        \
         0.06666666666666667, 0.5333333333333333,  0,                          \
         0.4666666666666667,  0.9333333333333333,  0.4,                        \
         0.8666666666666667,  0.3333333333333333,  0.8,                        \
         0.26666666666666666, 0.7333333333333333,  0.2,                        \
         0.6666666666666666,  0.13333333333333333, 0.6,                        \
         0.06666666666666667, 0.5333333333333333,  0},                         \
        {0.5, 0, 0.5, 0, 0.5, 0, 0.5, 0, 0.5, 0, 0.5, 0, 0.5, 0, 0.5, 0,       \
         0.5, 0, 0.5, 0, 0.5, 0, 0.5, 0, 0.5, 0, 0.5, 0, 0.5, 0},              \
        {0.5333333333333333,  0.06666666666666667, 0.6,                        \
         0.13333333333333333, 0.6666666666666666,  0.2,                        \
         0.7333333333333333,  0.26666666666666666, 0.8,                        \
         0.3333333333333333,  0.8666666666666667,  0.4,                        \
         0.9333333333333333,  0.4666666666666667,  0,                          \
         0.5333333333333333,  0.06666666666666667, 0.6,                        \
         0.13333333333333333, 0.6666666666666666,  0.2,                        \
         0.7333333333333333,  0.26666666666666666, 0.8,                        \
         0.3333333333333333,  0.8666666666666667,  0.4,                        \
         0.9333333333333333,  0.4666666666666667,  0},                         \
        {0.5666666666666667,  0.13333333333333333, 0.7,                        \
         0.26666666666666666, 0.8333333333333334,  0.4,                        \
         0.9666666666666667,  0.5333333333333333,  0.1,                        \
         0.6666666666666666,  0.23333333333333334, 0.8,                        \
         0.36666666666666664, 0.9333333333333333,  0.5,                        \
         0.06666666666666667, 0.6333333333333333,  0.2,                        \
         0.7666666666666667,  0.3333333333333333,  0.9,                        \
         0.4666666666666667,  0.03333333333333333, 0.6,                        \
         0.16666666666666666, 0.7333333333333333,  0.3,                        \
         0.8666666666666667,  0.43333333333333335, 0},                         \
        {0.6, 0.2, 0.8, 0.4, 0, 0.6, 0.2, 0.8, 0.4, 0, 0.6, 0.2, 0.8, 0.4, 0,  \
         0.6, 0.2, 0.8, 0.4, 0, 0.6, 0.2, 0.8, 0.4, 0, 0.6, 0.2, 0.8, 0.4, 0}, \
    {                                                                          \
      0.6333333333333333, 0.26666666666666666, 0.9, 0.5333333333333333,        \
          0.16666666666666666, 0.8, 0.43333333333333335, 0.06666666666666667,  \
          0.7, 0.3333333333333333, 0.9666666666666667, 0.6,                    \
          0.23333333333333334, 0.8666666666666667, 0.5, 0.13333333333333333,   \
          0.7666666666666667, 0.4, 0.03333333333333333, 0.6666666666666666,    \
          0.3, 0.9333333333333333, 0.5666666666666667, 0.2,                    \
          0.8333333333333334, 0.4666666666666667, 0.1, 0.7333333333333333,     \
          0.36666666666666664, 0                                               \
    }                                                                          \
  }
#define DATASET_B                                                              \
  {                                                                            \
    {                                                                          \
        0, 0, 0, 0, 0, 0, 0, 0, 0, 0, 0, 0, 0,                                 \
        0, 0, 0, 0, 0, 0, 0, 0, 0, 0, 0, 0},                                   \
        {0.08, 0.12, 0.16, 0.2,  0.24, 0.28, 0.32, 0.36, 0.4,                  \
         0.44, 0.48, 0.52, 0.56, 0.6,  0.64, 0.68, 0.72, 0.76,                 \
         0.8,  0.84, 0.88, 0.92, 0.96, 0,    0.04},                            \
        {0.16, 0.24, 0.32, 0.4,  0.48, 0.56, 0.64, 0.72, 0.8,                  \
         0.88, 0.96, 0.04, 0.12, 0.2,  0.28, 0.36, 0.44, 0.52,                 \
         0.6,  0.68, 0.76, 0.84, 0.92, 0,    0.08},                            \
        {0.24, 0.36, 0.48, 0.6,  0.72, 0.84, 0.96, 0.08, 0.2,                  \
         0.32, 0.44, 0.56, 0.68, 0.8,  0.92, 0.04, 0.16, 0.28,                 \
         0.4,  0.52, 0.64, 0.76, 0.88, 0,    0.12},                            \
        {0.32, 0.48, 0.64, 0.8,  0.96, 0.12, 0.28, 0.44, 0.6,                  \
         0.76, 0.92, 0.08, 0.24, 0.4,  0.56, 0.72, 0.88, 0.04,                 \
         0.2,  0.36, 0.52, 0.68, 0.84, 0,    0.16},                            \
        {0.4, 0.6, 0.8, 0,   0.2, 0.4, 0.6, 0.8, 0,   0.2, 0.4, 0.6, 0.8,      \
         0,   0.2, 0.4, 0.6, 0.8, 0,   0.2, 0.4, 0.6, 0.8, 0,   0.2},          \
        {0.48, 0.72, 0.96, 0.2,  0.44, 0.68, 0.92, 0.16, 0.4,                  \
         0.64, 0.88, 0.12, 0.36, 0.6,  0.84, 0.08, 0.32, 0.56,                 \
         0.8,  0.04, 0.28, 0.52, 0.76, 0,    0.24},                            \
        {0.56, 0.84, 0.12, 0.4,  0.68, 0.96, 0.24, 0.52, 0.8,                  \
         0.08, 0.36, 0.64, 0.92, 0.2,  0.48, 0.76, 0.04, 0.32,                 \
         0.6,  0.88, 0.16, 0.44, 0.72, 0,    0.28},                            \
        {0.64, 0.96, 0.28, 0.6,  0.92, 0.24, 0.56, 0.88, 0.2,                  \
         0.52, 0.84, 0.16, 0.48, 0.8,  0.12, 0.44, 0.76, 0.08,                 \
         0.4,  0.72, 0.04, 0.36, 0.68, 0,    0.32},                            \
        {0.72, 0.08, 0.44, 0.8,  0.16, 0.52, 0.88, 0.24, 0.6,                  \
         0.96, 0.32, 0.68, 0.04, 0.4,  0.76, 0.12, 0.48, 0.84,                 \
         0.2,  0.56, 0.92, 0.28, 0.64, 0,    0.36},                            \
        {0.8, 0.2, 0.6, 0,   0.4, 0.8, 0.2, 0.6, 0,   0.4, 0.8, 0.2, 0.6,      \
         0,   0.4, 0.8, 0.2, 0.6, 0,   0.4, 0.8, 0.2, 0.6, 0,   0.4},          \
        {0.88, 0.32, 0.76, 0.2,  0.64, 0.08, 0.52, 0.96, 0.4,                  \
         0.84, 0.28, 0.72, 0.16, 0.6,  0.04, 0.48, 0.92, 0.36,                 \
         0.8,  0.24, 0.68, 0.12, 0.56, 0,    0.44},                            \
        {0.96, 0.44, 0.92, 0.4,  0.88, 0.36, 0.84, 0.32, 0.8,                  \
         0.28, 0.76, 0.24, 0.72, 0.2,  0.68, 0.16, 0.64, 0.12,                 \
         0.6,  0.08, 0.56, 0.04, 0.52, 0,    0.48},                            \
        {0.04, 0.56, 0.08, 0.6,  0.12, 0.64, 0.16, 0.68, 0.2,                  \
         0.72, 0.24, 0.76, 0.28, 0.8,  0.32, 0.84, 0.36, 0.88,                 \
         0.4,  0.92, 0.44, 0.96, 0.48, 0,    0.52},                            \
        {0.12, 0.68, 0.24, 0.8,  0.36, 0.92, 0.48, 0.04, 0.6,                  \
         0.16, 0.72, 0.28, 0.84, 0.4,  0.96, 0.52, 0.08, 0.64,                 \
         0.2,  0.76, 0.32, 0.88, 0.44, 0,    0.56},                            \
        {0.2, 0.8, 0.4, 0,   0.6, 0.2, 0.8, 0.4, 0,   0.6, 0.2, 0.8, 0.4,      \
         0,   0.6, 0.2, 0.8, 0.4, 0,   0.6, 0.2, 0.8, 0.4, 0,   0.6},          \
        {0.28, 0.92, 0.56, 0.2,  0.84, 0.48, 0.12, 0.76, 0.4,                  \
         0.04, 0.68, 0.32, 0.96, 0.6,  0.24, 0.88, 0.52, 0.16,                 \
         0.8,  0.44, 0.08, 0.72, 0.36, 0,    0.64},                            \
        {0.36, 0.04, 0.72, 0.4,  0.08, 0.76, 0.44, 0.12, 0.8,                  \
         0.48, 0.16, 0.84, 0.52, 0.2,  0.88, 0.56, 0.24, 0.92,                 \
         0.6,  0.28, 0.96, 0.64, 0.32, 0,    0.68},                            \
        {0.44, 0.16, 0.88, 0.6,  0.32, 0.04, 0.76, 0.48, 0.2,                  \
         0.92, 0.64, 0.36, 0.08, 0.8,  0.52, 0.24, 0.96, 0.68,                 \
         0.4,  0.12, 0.84, 0.56, 0.28, 0,    0.72},                            \
        {0.52, 0.28, 0.04, 0.8,  0.56, 0.32, 0.08, 0.84, 0.6,                  \
         0.36, 0.12, 0.88, 0.64, 0.4,  0.16, 0.92, 0.68, 0.44,                 \
         0.2,  0.96, 0.72, 0.48, 0.24, 0,    0.76},                            \
        {0.6, 0.4, 0.2, 0,   0.8, 0.6, 0.4, 0.2, 0,   0.8, 0.6, 0.4, 0.2,      \
         0,   0.8, 0.6, 0.4, 0.2, 0,   0.8, 0.6, 0.4, 0.2, 0,   0.8},          \
        {0.68, 0.52, 0.36, 0.2,  0.04, 0.88, 0.72, 0.56, 0.4,                  \
         0.24, 0.08, 0.92, 0.76, 0.6,  0.44, 0.28, 0.12, 0.96,                 \
         0.8,  0.64, 0.48, 0.32, 0.16, 0,    0.84},                            \
        {0.76, 0.64, 0.52, 0.4,  0.28, 0.16, 0.04, 0.92, 0.8,                  \
         0.68, 0.56, 0.44, 0.32, 0.2,  0.08, 0.96, 0.84, 0.72,                 \
         0.6,  0.48, 0.36, 0.24, 0.12, 0,    0.88},                            \
        {0.84, 0.76, 0.68, 0.6,  0.52, 0.44, 0.36, 0.28, 0.2,                  \
         0.12, 0.04, 0.96, 0.88, 0.8,  0.72, 0.64, 0.56, 0.48,                 \
         0.4,  0.32, 0.24, 0.16, 0.08, 0,    0.92},                            \
        {0.92, 0.88, 0.84, 0.8,  0.76, 0.72, 0.68, 0.64, 0.6,                  \
         0.56, 0.52, 0.48, 0.44, 0.4,  0.36, 0.32, 0.28, 0.24,                 \
         0.2,  0.16, 0.12, 0.08, 0.04, 0,    0.96},                            \
        {0, 0, 0, 0, 0, 0, 0, 0, 0, 0, 0, 0, 0,                                \
         0, 0, 0, 0, 0, 0, 0, 0, 0, 0, 0, 0},                                  \
        {0.08, 0.12, 0.16, 0.2,  0.24, 0.28, 0.32, 0.36, 0.4,                  \
         0.44, 0.48, 0.52, 0.56, 0.6,  0.64, 0.68, 0.72, 0.76,                 \
         0.8,  0.84, 0.88, 0.92, 0.96, 0,    0.04},                            \
        {0.16, 0.24, 0.32, 0.4,  0.48, 0.56, 0.64, 0.72, 0.8,                  \
         0.88, 0.96, 0.04, 0.12, 0.2,  0.28, 0.36, 0.44, 0.52,                 \
         0.6,  0.68, 0.76, 0.84, 0.92, 0,    0.08},                            \
        {0.24, 0.36, 0.48, 0.6,  0.72, 0.84, 0.96, 0.08, 0.2,                  \
         0.32, 0.44, 0.56, 0.68, 0.8,  0.92, 0.04, 0.16, 0.28,                 \
         0.4,  0.52, 0.64, 0.76, 0.88, 0,    0.12},                            \
    {                                                                          \
      0.32, 0.48, 0.64, 0.8, 0.96, 0.12, 0.28, 0.44, 0.6, 0.76, 0.92, 0.08,    \
          0.24, 0.4, 0.56, 0.72, 0.88, 0.04, 0.2, 0.36, 0.52, 0.68, 0.84, 0,   \
          0.16                                                                 \
    }                                                                          \
  }
#define DATASET_C                                                              \
  {                                                                            \
    {0.05, 0.05, 0.05, 0.05, 0.05, 0.05, 0.05, 0.05, 0.05,                     \
     0.05, 0.05, 0.05, 0.05, 0.05, 0.05, 0.05, 0.05, 0.05,                     \
     0.05, 0.05, 0.05, 0.05, 0.05, 0.05, 0.05},                                \
        {0.05, 0.1,  0.15, 0.2,  0.25, 0.3,  0.35, 0.4,  0.45,                 \
         0.5,  0.55, 0.6,  0.65, 0.7,  0.75, 0.8,  0.85, 0.9,                  \
         0.95, 0,    0.05, 0.1,  0.15, 0.2,  0.25},                            \
        {0.05, 0.15, 0.25, 0.35, 0.45, 0.55, 0.65, 0.75, 0.85,                 \
         0.95, 0.05, 0.15, 0.25, 0.35, 0.45, 0.55, 0.65, 0.75,                 \
         0.85, 0.95, 0.05, 0.15, 0.25, 0.35, 0.45},                            \
        {0.05, 0.2,  0.35, 0.5,  0.65, 0.8,  0.95, 0.1,  0.25,                 \
         0.4,  0.55, 0.7,  0.85, 0,    0.15, 0.3,  0.45, 0.6,                  \
         0.75, 0.9,  0.05, 0.2,  0.35, 0.5,  0.65},                            \
        {0.05, 0.25, 0.45, 0.65, 0.85, 0.05, 0.25, 0.45, 0.65,                 \
         0.85, 0.05, 0.25, 0.45, 0.65, 0.85, 0.05, 0.25, 0.45,                 \
         0.65, 0.85, 0.05, 0.25, 0.45, 0.65, 0.85},                            \
        {0.05, 0.3,  0.55, 0.8,  0.05, 0.3,  0.55, 0.8,  0.05,                 \
         0.3,  0.55, 0.8,  0.05, 0.3,  0.55, 0.8,  0.05, 0.3,                  \
         0.55, 0.8,  0.05, 0.3,  0.55, 0.8,  0.05},                            \
        {0.05, 0.35, 0.65, 0.95, 0.25, 0.55, 0.85, 0.15, 0.45,                 \
         0.75, 0.05, 0.35, 0.65, 0.95, 0.25, 0.55, 0.85, 0.15,                 \
         0.45, 0.75, 0.05, 0.35, 0.65, 0.95, 0.25},                            \
        {0.05, 0.4,  0.75, 0.1,  0.45, 0.8,  0.15, 0.5,  0.85,                 \
         0.2,  0.55, 0.9,  0.25, 0.6,  0.95, 0.3,  0.65, 0,                    \
         0.35, 0.7,  0.05, 0.4,  0.75, 0.1,  0.45},                            \
        {0.05, 0.45, 0.85, 0.25, 0.65, 0.05, 0.45, 0.85, 0.25,                 \
         0.65, 0.05, 0.45, 0.85, 0.25, 0.65, 0.05, 0.45, 0.85,                 \
         0.25, 0.65, 0.05, 0.45, 0.85, 0.25, 0.65},                            \
        {0.05, 0.5,  0.95, 0.4,  0.85, 0.3,  0.75, 0.2,  0.65,                 \
         0.1,  0.55, 0,    0.45, 0.9,  0.35, 0.8,  0.25, 0.7,                  \
         0.15, 0.6,  0.05, 0.5,  0.95, 0.4,  0.85},                            \
        {0.05, 0.55, 0.05, 0.55, 0.05, 0.55, 0.05, 0.55, 0.05,                 \
         0.55, 0.05, 0.55, 0.05, 0.55, 0.05, 0.55, 0.05, 0.55,                 \
         0.05, 0.55, 0.05, 0.55, 0.05, 0.55, 0.05},                            \
        {0.05, 0.6,  0.15, 0.7,  0.25, 0.8,  0.35, 0.9,  0.45,                 \
         0,    0.55, 0.1,  0.65, 0.2,  0.75, 0.3,  0.85, 0.4,                  \
         0.95, 0.5,  0.05, 0.6,  0.15, 0.7,  0.25},                            \
        {0.05, 0.65, 0.25, 0.85, 0.45, 0.05, 0.65, 0.25, 0.85,                 \
         0.45, 0.05, 0.65, 0.25, 0.85, 0.45, 0.05, 0.65, 0.25,                 \
         0.85, 0.45, 0.05, 0.65, 0.25, 0.85, 0.45},                            \
        {0.05, 0.7,  0.35, 0,    0.65, 0.3,  0.95, 0.6,  0.25,                 \
         0.9,  0.55, 0.2,  0.85, 0.5,  0.15, 0.8,  0.45, 0.1,                  \
         0.75, 0.4,  0.05, 0.7,  0.35, 0,    0.65},                            \
        {0.05, 0.75, 0.45, 0.15, 0.85, 0.55, 0.25, 0.95, 0.65,                 \
         0.35, 0.05, 0.75, 0.45, 0.15, 0.85, 0.55, 0.25, 0.95,                 \
         0.65, 0.35, 0.05, 0.75, 0.45, 0.15, 0.85},                            \
        {0.05, 0.8,  0.55, 0.3,  0.05, 0.8,  0.55, 0.3,  0.05,                 \
         0.8,  0.55, 0.3,  0.05, 0.8,  0.55, 0.3,  0.05, 0.8,                  \
         0.55, 0.3,  0.05, 0.8,  0.55, 0.3,  0.05},                            \
        {0.05, 0.85, 0.65, 0.45, 0.25, 0.05, 0.85, 0.65, 0.45,                 \
         0.25, 0.05, 0.85, 0.65, 0.45, 0.25, 0.05, 0.85, 0.65,                 \
         0.45, 0.25, 0.05, 0.85, 0.65, 0.45, 0.25},                            \
        {0.05, 0.9,  0.75, 0.6,  0.45, 0.3,  0.15, 0,    0.85,                 \
         0.7,  0.55, 0.4,  0.25, 0.1,  0.95, 0.8,  0.65, 0.5,                  \
         0.35, 0.2,  0.05, 0.9,  0.75, 0.6,  0.45},                            \
        {0.05, 0.95, 0.85, 0.75, 0.65, 0.55, 0.45, 0.35, 0.25,                 \
         0.15, 0.05, 0.95, 0.85, 0.75, 0.65, 0.55, 0.45, 0.35,                 \
         0.25, 0.15, 0.05, 0.95, 0.85, 0.75, 0.65},                            \
    {                                                                          \
      0.05, 0, 0.95, 0.9, 0.85, 0.8, 0.75, 0.7, 0.65, 0.6, 0.55, 0.5, 0.45,    \
          0.4, 0.35, 0.3, 0.25, 0.2, 0.15, 0.1, 0.05, 0, 0.95, 0.9, 0.85       \
    }                                                                          \
  }
#define ALPHA 1.5
#define BETA 1.2
